Optimal (within gap tolerance) - objective value 1698 - solution time 0
3 x(1,4) 1 10
9 x(2,5) 1 19
13 x(3,4) 1 25
16 x(4,2) 1 10
23 x(5,4) 1 16
25 x(6,1) 1 17
33 x(7,4) 1 11
39 x(8,5) 1 11
43 x(9,4) 1 21
47 x(10,3) 1 10
54 x(11,5) 1 18
58 x(12,4) 1 27
60 x(13,1) 1 37
67 x(14,3) 1 13
74 x(15,5) 1 13
77 x(16,3) 1 11
80 x(17,1) 1 11
85 x(18,1) 1 11
93 x(19,4) 1 18
99 x(20,5) 1 19
100 x(21,1) 1 23
108 x(22,4) 1 27
110 x(23,1) 1 15
118 x(24,4) 1 18
122 x(25,3) 1 21
126 x(26,2) 1 12
131 x(27,2) 1 17
137 x(28,3) 1 29
140 x(29,1) 1 16
147 x(30,3) 1 12
153 x(31,4) 1 11
157 x(32,3) 1 11
162 x(33,3) 1 14
166 x(34,2) 1 10
172 x(35,3) 1 25
176 x(36,2) 1 12
182 x(37,3) 1 32
189 x(38,5) 1 26
194 x(39,5) 1 12
199 x(40,5) 1 12
200 x(41,1) 1 15
207 x(42,3) 1 15
214 x(43,5) 1 22
219 x(44,5) 1 13
224 x(45,5) 1 11
226 x(46,2) 1 13
230 x(47,1) 1 22
238 x(48,4) 1 10
240 x(49,1) 1 13
246 x(50,2) 1 16
250 x(51,1) 1 14
258 x(52,4) 1 20
263 x(53,4) 1 11
269 x(54,5) 1 19
272 x(55,3) 1 17
278 x(56,4) 1 31
283 x(57,4) 1 11
288 x(58,4) 1 23
292 x(59,3) 1 19
296 x(60,2) 1 11
303 x(61,4) 1 20
307 x(62,3) 1 15
313 x(63,4) 1 39
319 x(64,5) 1 15
321 x(65,2) 1 10
329 x(66,5) 1 11
332 x(67,3) 1 20
335 x(68,1) 1 10
341 x(69,2) 1 28
347 x(70,3) 1 20
352 x(71,3) 1 10
356 x(72,2) 1 11
360 x(73,1) 1 20
369 x(74,5) 1 21
372 x(75,3) 1 14
376 x(76,2) 1 21
384 x(77,5) 1 29
387 x(78,3) 1 22
390 x(79,1) 1 18
398 x(80,4) 1 21
400 x(81,1) 1 17
408 x(82,4) 1 11
413 x(83,4) 1 13
416 x(84,2) 1 13
422 x(85,3) 1 15
429 x(86,5) 1 23
433 x(87,4) 1 19
436 x(88,2) 1 13
444 x(89,5) 1 16
447 x(90,3) 1 17
454 x(91,5) 1 10
457 x(92,3) 1 16
461 x(93,2) 1 10
466 x(94,2) 1 10
473 x(95,4) 1 19
475 x(96,1) 1 11
484 x(97,5) 1 16
486 x(98,2) 1 21
493 x(99,4) 1 27
497 x(100,3) 1 17
